{
 "cells": [
  {
   "cell_type": "markdown",
   "id": "7f755593-50a2-462d-bbad-0ef767bae580",
   "metadata": {},
   "source": [
    "# Laboratorio 3: \n",
    "\n",
    "## Integrantes:\n",
    "\n",
    "- Escriba\n",
    "- Garcia\n",
    "- Mayhua\n",
    "\n",
    "---"
   ]
  },
  {
   "cell_type": "code",
   "execution_count": 1,
   "id": "1a2ffecd-53e3-40c4-9a11-9b831e04fb72",
   "metadata": {},
   "outputs": [],
   "source": [
    "# Importamos las librerias a utilizar\n",
    "\n",
    "import pandas as pd\n",
    "import numpy as np"
   ]
  },
  {
   "cell_type": "markdown",
   "id": "15352745-1c8e-4685-8bd4-862e98e6b926",
   "metadata": {},
   "source": [
    "## Parte A"
   ]
  },
  {
   "cell_type": "code",
   "execution_count": 2,
   "id": "97350ca9-0fb8-42d9-be53-eb757d38b21d",
   "metadata": {},
   "outputs": [
    {
     "data": {
      "text/html": [
       "<div>\n",
       "<style scoped>\n",
       "    .dataframe tbody tr th:only-of-type {\n",
       "        vertical-align: middle;\n",
       "    }\n",
       "\n",
       "    .dataframe tbody tr th {\n",
       "        vertical-align: top;\n",
       "    }\n",
       "\n",
       "    .dataframe thead th {\n",
       "        text-align: right;\n",
       "    }\n",
       "</style>\n",
       "<table border=\"1\" class=\"dataframe\">\n",
       "  <thead>\n",
       "    <tr style=\"text-align: right;\">\n",
       "      <th></th>\n",
       "      <th>age</th>\n",
       "      <th>job</th>\n",
       "      <th>marital</th>\n",
       "      <th>education</th>\n",
       "      <th>default</th>\n",
       "      <th>housing</th>\n",
       "      <th>loan</th>\n",
       "      <th>contact</th>\n",
       "      <th>month</th>\n",
       "      <th>day_of_week</th>\n",
       "      <th>...</th>\n",
       "      <th>campaign</th>\n",
       "      <th>pdays</th>\n",
       "      <th>previous</th>\n",
       "      <th>poutcome</th>\n",
       "      <th>emp.var.rate</th>\n",
       "      <th>cons.price.idx</th>\n",
       "      <th>cons.conf.idx</th>\n",
       "      <th>euribor3m</th>\n",
       "      <th>nr.employed</th>\n",
       "      <th>y</th>\n",
       "    </tr>\n",
       "  </thead>\n",
       "  <tbody>\n",
       "    <tr>\n",
       "      <th>0</th>\n",
       "      <td>56</td>\n",
       "      <td>housemaid</td>\n",
       "      <td>married</td>\n",
       "      <td>basic.4y</td>\n",
       "      <td>no</td>\n",
       "      <td>no</td>\n",
       "      <td>no</td>\n",
       "      <td>telephone</td>\n",
       "      <td>may</td>\n",
       "      <td>mon</td>\n",
       "      <td>...</td>\n",
       "      <td>1</td>\n",
       "      <td>999</td>\n",
       "      <td>0</td>\n",
       "      <td>nonexistent</td>\n",
       "      <td>1.1</td>\n",
       "      <td>93.994</td>\n",
       "      <td>-36.4</td>\n",
       "      <td>4.857</td>\n",
       "      <td>5191.0</td>\n",
       "      <td>no</td>\n",
       "    </tr>\n",
       "    <tr>\n",
       "      <th>1</th>\n",
       "      <td>57</td>\n",
       "      <td>services</td>\n",
       "      <td>married</td>\n",
       "      <td>high.school</td>\n",
       "      <td>unknown</td>\n",
       "      <td>no</td>\n",
       "      <td>no</td>\n",
       "      <td>telephone</td>\n",
       "      <td>may</td>\n",
       "      <td>mon</td>\n",
       "      <td>...</td>\n",
       "      <td>1</td>\n",
       "      <td>999</td>\n",
       "      <td>0</td>\n",
       "      <td>nonexistent</td>\n",
       "      <td>1.1</td>\n",
       "      <td>93.994</td>\n",
       "      <td>-36.4</td>\n",
       "      <td>4.857</td>\n",
       "      <td>5191.0</td>\n",
       "      <td>no</td>\n",
       "    </tr>\n",
       "    <tr>\n",
       "      <th>2</th>\n",
       "      <td>37</td>\n",
       "      <td>services</td>\n",
       "      <td>married</td>\n",
       "      <td>high.school</td>\n",
       "      <td>no</td>\n",
       "      <td>yes</td>\n",
       "      <td>no</td>\n",
       "      <td>telephone</td>\n",
       "      <td>may</td>\n",
       "      <td>mon</td>\n",
       "      <td>...</td>\n",
       "      <td>1</td>\n",
       "      <td>999</td>\n",
       "      <td>0</td>\n",
       "      <td>nonexistent</td>\n",
       "      <td>1.1</td>\n",
       "      <td>93.994</td>\n",
       "      <td>-36.4</td>\n",
       "      <td>4.857</td>\n",
       "      <td>5191.0</td>\n",
       "      <td>no</td>\n",
       "    </tr>\n",
       "    <tr>\n",
       "      <th>3</th>\n",
       "      <td>40</td>\n",
       "      <td>admin.</td>\n",
       "      <td>married</td>\n",
       "      <td>basic.6y</td>\n",
       "      <td>no</td>\n",
       "      <td>no</td>\n",
       "      <td>no</td>\n",
       "      <td>telephone</td>\n",
       "      <td>may</td>\n",
       "      <td>mon</td>\n",
       "      <td>...</td>\n",
       "      <td>1</td>\n",
       "      <td>999</td>\n",
       "      <td>0</td>\n",
       "      <td>nonexistent</td>\n",
       "      <td>1.1</td>\n",
       "      <td>93.994</td>\n",
       "      <td>-36.4</td>\n",
       "      <td>4.857</td>\n",
       "      <td>5191.0</td>\n",
       "      <td>no</td>\n",
       "    </tr>\n",
       "    <tr>\n",
       "      <th>4</th>\n",
       "      <td>56</td>\n",
       "      <td>services</td>\n",
       "      <td>married</td>\n",
       "      <td>high.school</td>\n",
       "      <td>no</td>\n",
       "      <td>no</td>\n",
       "      <td>yes</td>\n",
       "      <td>telephone</td>\n",
       "      <td>may</td>\n",
       "      <td>mon</td>\n",
       "      <td>...</td>\n",
       "      <td>1</td>\n",
       "      <td>999</td>\n",
       "      <td>0</td>\n",
       "      <td>nonexistent</td>\n",
       "      <td>1.1</td>\n",
       "      <td>93.994</td>\n",
       "      <td>-36.4</td>\n",
       "      <td>4.857</td>\n",
       "      <td>5191.0</td>\n",
       "      <td>no</td>\n",
       "    </tr>\n",
       "    <tr>\n",
       "      <th>...</th>\n",
       "      <td>...</td>\n",
       "      <td>...</td>\n",
       "      <td>...</td>\n",
       "      <td>...</td>\n",
       "      <td>...</td>\n",
       "      <td>...</td>\n",
       "      <td>...</td>\n",
       "      <td>...</td>\n",
       "      <td>...</td>\n",
       "      <td>...</td>\n",
       "      <td>...</td>\n",
       "      <td>...</td>\n",
       "      <td>...</td>\n",
       "      <td>...</td>\n",
       "      <td>...</td>\n",
       "      <td>...</td>\n",
       "      <td>...</td>\n",
       "      <td>...</td>\n",
       "      <td>...</td>\n",
       "      <td>...</td>\n",
       "      <td>...</td>\n",
       "    </tr>\n",
       "    <tr>\n",
       "      <th>41183</th>\n",
       "      <td>73</td>\n",
       "      <td>retired</td>\n",
       "      <td>married</td>\n",
       "      <td>professional.course</td>\n",
       "      <td>no</td>\n",
       "      <td>yes</td>\n",
       "      <td>no</td>\n",
       "      <td>cellular</td>\n",
       "      <td>nov</td>\n",
       "      <td>fri</td>\n",
       "      <td>...</td>\n",
       "      <td>1</td>\n",
       "      <td>999</td>\n",
       "      <td>0</td>\n",
       "      <td>nonexistent</td>\n",
       "      <td>-1.1</td>\n",
       "      <td>94.767</td>\n",
       "      <td>-50.8</td>\n",
       "      <td>1.028</td>\n",
       "      <td>4963.6</td>\n",
       "      <td>yes</td>\n",
       "    </tr>\n",
       "    <tr>\n",
       "      <th>41184</th>\n",
       "      <td>46</td>\n",
       "      <td>blue-collar</td>\n",
       "      <td>married</td>\n",
       "      <td>professional.course</td>\n",
       "      <td>no</td>\n",
       "      <td>no</td>\n",
       "      <td>no</td>\n",
       "      <td>cellular</td>\n",
       "      <td>nov</td>\n",
       "      <td>fri</td>\n",
       "      <td>...</td>\n",
       "      <td>1</td>\n",
       "      <td>999</td>\n",
       "      <td>0</td>\n",
       "      <td>nonexistent</td>\n",
       "      <td>-1.1</td>\n",
       "      <td>94.767</td>\n",
       "      <td>-50.8</td>\n",
       "      <td>1.028</td>\n",
       "      <td>4963.6</td>\n",
       "      <td>no</td>\n",
       "    </tr>\n",
       "    <tr>\n",
       "      <th>41185</th>\n",
       "      <td>56</td>\n",
       "      <td>retired</td>\n",
       "      <td>married</td>\n",
       "      <td>university.degree</td>\n",
       "      <td>no</td>\n",
       "      <td>yes</td>\n",
       "      <td>no</td>\n",
       "      <td>cellular</td>\n",
       "      <td>nov</td>\n",
       "      <td>fri</td>\n",
       "      <td>...</td>\n",
       "      <td>2</td>\n",
       "      <td>999</td>\n",
       "      <td>0</td>\n",
       "      <td>nonexistent</td>\n",
       "      <td>-1.1</td>\n",
       "      <td>94.767</td>\n",
       "      <td>-50.8</td>\n",
       "      <td>1.028</td>\n",
       "      <td>4963.6</td>\n",
       "      <td>no</td>\n",
       "    </tr>\n",
       "    <tr>\n",
       "      <th>41186</th>\n",
       "      <td>44</td>\n",
       "      <td>technician</td>\n",
       "      <td>married</td>\n",
       "      <td>professional.course</td>\n",
       "      <td>no</td>\n",
       "      <td>no</td>\n",
       "      <td>no</td>\n",
       "      <td>cellular</td>\n",
       "      <td>nov</td>\n",
       "      <td>fri</td>\n",
       "      <td>...</td>\n",
       "      <td>1</td>\n",
       "      <td>999</td>\n",
       "      <td>0</td>\n",
       "      <td>nonexistent</td>\n",
       "      <td>-1.1</td>\n",
       "      <td>94.767</td>\n",
       "      <td>-50.8</td>\n",
       "      <td>1.028</td>\n",
       "      <td>4963.6</td>\n",
       "      <td>yes</td>\n",
       "    </tr>\n",
       "    <tr>\n",
       "      <th>41187</th>\n",
       "      <td>74</td>\n",
       "      <td>retired</td>\n",
       "      <td>married</td>\n",
       "      <td>professional.course</td>\n",
       "      <td>no</td>\n",
       "      <td>yes</td>\n",
       "      <td>no</td>\n",
       "      <td>cellular</td>\n",
       "      <td>nov</td>\n",
       "      <td>fri</td>\n",
       "      <td>...</td>\n",
       "      <td>3</td>\n",
       "      <td>999</td>\n",
       "      <td>1</td>\n",
       "      <td>failure</td>\n",
       "      <td>-1.1</td>\n",
       "      <td>94.767</td>\n",
       "      <td>-50.8</td>\n",
       "      <td>1.028</td>\n",
       "      <td>4963.6</td>\n",
       "      <td>no</td>\n",
       "    </tr>\n",
       "  </tbody>\n",
       "</table>\n",
       "<p>41188 rows × 21 columns</p>\n",
       "</div>"
      ],
      "text/plain": [
       "       age          job  marital            education  default housing loan  \\\n",
       "0       56    housemaid  married             basic.4y       no      no   no   \n",
       "1       57     services  married          high.school  unknown      no   no   \n",
       "2       37     services  married          high.school       no     yes   no   \n",
       "3       40       admin.  married             basic.6y       no      no   no   \n",
       "4       56     services  married          high.school       no      no  yes   \n",
       "...    ...          ...      ...                  ...      ...     ...  ...   \n",
       "41183   73      retired  married  professional.course       no     yes   no   \n",
       "41184   46  blue-collar  married  professional.course       no      no   no   \n",
       "41185   56      retired  married    university.degree       no     yes   no   \n",
       "41186   44   technician  married  professional.course       no      no   no   \n",
       "41187   74      retired  married  professional.course       no     yes   no   \n",
       "\n",
       "         contact month day_of_week  ...  campaign  pdays  previous  \\\n",
       "0      telephone   may         mon  ...         1    999         0   \n",
       "1      telephone   may         mon  ...         1    999         0   \n",
       "2      telephone   may         mon  ...         1    999         0   \n",
       "3      telephone   may         mon  ...         1    999         0   \n",
       "4      telephone   may         mon  ...         1    999         0   \n",
       "...          ...   ...         ...  ...       ...    ...       ...   \n",
       "41183   cellular   nov         fri  ...         1    999         0   \n",
       "41184   cellular   nov         fri  ...         1    999         0   \n",
       "41185   cellular   nov         fri  ...         2    999         0   \n",
       "41186   cellular   nov         fri  ...         1    999         0   \n",
       "41187   cellular   nov         fri  ...         3    999         1   \n",
       "\n",
       "          poutcome emp.var.rate  cons.price.idx  cons.conf.idx  euribor3m  \\\n",
       "0      nonexistent          1.1          93.994          -36.4      4.857   \n",
       "1      nonexistent          1.1          93.994          -36.4      4.857   \n",
       "2      nonexistent          1.1          93.994          -36.4      4.857   \n",
       "3      nonexistent          1.1          93.994          -36.4      4.857   \n",
       "4      nonexistent          1.1          93.994          -36.4      4.857   \n",
       "...            ...          ...             ...            ...        ...   \n",
       "41183  nonexistent         -1.1          94.767          -50.8      1.028   \n",
       "41184  nonexistent         -1.1          94.767          -50.8      1.028   \n",
       "41185  nonexistent         -1.1          94.767          -50.8      1.028   \n",
       "41186  nonexistent         -1.1          94.767          -50.8      1.028   \n",
       "41187      failure         -1.1          94.767          -50.8      1.028   \n",
       "\n",
       "       nr.employed    y  \n",
       "0           5191.0   no  \n",
       "1           5191.0   no  \n",
       "2           5191.0   no  \n",
       "3           5191.0   no  \n",
       "4           5191.0   no  \n",
       "...            ...  ...  \n",
       "41183       4963.6  yes  \n",
       "41184       4963.6   no  \n",
       "41185       4963.6   no  \n",
       "41186       4963.6  yes  \n",
       "41187       4963.6   no  \n",
       "\n",
       "[41188 rows x 21 columns]"
      ]
     },
     "execution_count": 2,
     "metadata": {},
     "output_type": "execute_result"
    }
   ],
   "source": [
    "#Leemos los datos\n",
    "\n",
    "data = pd.read_csv(\"banca.csv\", sep = ';')\n",
    "data"
   ]
  },
  {
   "cell_type": "code",
   "execution_count": 3,
   "id": "6afec607-557e-4078-a7cd-20a6bcb2638b",
   "metadata": {},
   "outputs": [],
   "source": [
    "# Seleccionamos la partes numericas\n",
    "\n",
    "v_numericas = data.select_dtypes([\"float64\",\"int64\"])\n",
    "\n"
   ]
  },
  {
   "cell_type": "code",
   "execution_count": 4,
   "id": "6e4e275b-af16-4356-977d-1016d8bdae02",
   "metadata": {},
   "outputs": [
    {
     "data": {
      "text/plain": [
       "array([[ 5.6000e+01,  2.6100e+02,  1.0000e+00, ..., -3.6400e+01,\n",
       "         4.8570e+00,  5.1910e+03],\n",
       "       [ 5.7000e+01,  1.4900e+02,  1.0000e+00, ..., -3.6400e+01,\n",
       "         4.8570e+00,  5.1910e+03],\n",
       "       [ 3.7000e+01,  2.2600e+02,  1.0000e+00, ..., -3.6400e+01,\n",
       "         4.8570e+00,  5.1910e+03],\n",
       "       ...,\n",
       "       [ 5.6000e+01,  1.8900e+02,  2.0000e+00, ..., -5.0800e+01,\n",
       "         1.0280e+00,  4.9636e+03],\n",
       "       [ 4.4000e+01,  4.4200e+02,  1.0000e+00, ..., -5.0800e+01,\n",
       "         1.0280e+00,  4.9636e+03],\n",
       "       [ 7.4000e+01,  2.3900e+02,  3.0000e+00, ..., -5.0800e+01,\n",
       "         1.0280e+00,  4.9636e+03]])"
      ]
     },
     "execution_count": 4,
     "metadata": {},
     "output_type": "execute_result"
    }
   ],
   "source": [
    "#convirtiendo el dataframe a matriz\n",
    "\n",
    "X = v_numericas.to_numpy()\n",
    "X\n"
   ]
  },
  {
   "cell_type": "code",
   "execution_count": 5,
   "id": "24f3a89e-e26e-4d65-97fd-ad45c3c8403d",
   "metadata": {},
   "outputs": [
    {
     "data": {
      "text/plain": [
       "(41188, 10)"
      ]
     },
     "execution_count": 5,
     "metadata": {},
     "output_type": "execute_result"
    }
   ],
   "source": [
    "X.shape"
   ]
  },
  {
   "cell_type": "markdown",
   "id": "c254805a-ce0d-4d91-bed3-a546f5512a1b",
   "metadata": {},
   "source": [
    "## PARTE B"
   ]
  },
  {
   "cell_type": "code",
   "execution_count": 6,
   "id": "75bd1c56-81e4-472b-9d50-a73dab7f1ce9",
   "metadata": {},
   "outputs": [
    {
     "data": {
      "text/plain": [
       "array([ 4.00240604e+01,  2.58285010e+02,  2.56759250e+00,  9.62475454e+02,\n",
       "        1.72962999e-01,  8.18855006e-02,  9.35756644e+01, -4.05026003e+01,\n",
       "        3.62129081e+00,  5.16703591e+03])"
      ]
     },
     "execution_count": 6,
     "metadata": {},
     "output_type": "execute_result"
    }
   ],
   "source": [
    "# Vector de medias para cada variables\n",
    "\n",
    "Medias = np.mean(X,axis = 0)\n",
    "Medias"
   ]
  },
  {
   "cell_type": "code",
   "execution_count": 7,
   "id": "6a876ed9-d967-4922-ae70-6e6a5e66b322",
   "metadata": {},
   "outputs": [
    {
     "data": {
      "text/plain": [
       "array([[  15.97593959,    2.7149898 ,   -1.5675925 , ...,    4.10260027,\n",
       "           1.23570919,   23.96408906],\n",
       "       [  16.97593959, -109.2850102 ,   -1.5675925 , ...,    4.10260027,\n",
       "           1.23570919,   23.96408906],\n",
       "       [  -3.02406041,  -32.2850102 ,   -1.5675925 , ...,    4.10260027,\n",
       "           1.23570919,   23.96408906],\n",
       "       ...,\n",
       "       [  15.97593959,  -69.2850102 ,   -0.5675925 , ...,  -10.29739973,\n",
       "          -2.59329081, -203.43591094],\n",
       "       [   3.97593959,  183.7149898 ,   -1.5675925 , ...,  -10.29739973,\n",
       "          -2.59329081, -203.43591094],\n",
       "       [  33.97593959,  -19.2850102 ,    0.4324075 , ...,  -10.29739973,\n",
       "          -2.59329081, -203.43591094]])"
      ]
     },
     "execution_count": 7,
     "metadata": {},
     "output_type": "execute_result"
    }
   ],
   "source": [
    "# Resta de la matriz de datos y el vector de medias\n",
    "\n",
    "Resta= X - Medias\n",
    "Resta"
   ]
  },
  {
   "cell_type": "code",
   "execution_count": 8,
   "id": "51ecf307-98e7-4296-99b7-f7f087e78b30",
   "metadata": {},
   "outputs": [
    {
     "data": {
      "text/plain": [
       "array([[ 1.08602451e+02, -2.33914694e+00,  1.32602905e-01,\n",
       "        -6.69453996e+01,  1.25660856e-01, -6.06862678e-03,\n",
       "         5.16790762e-03,  6.23980083e+00,  1.94622473e-01,\n",
       "        -1.33461599e+01],\n",
       "       [-2.33914694e+00,  6.72257289e+04, -5.14948884e+01,\n",
       "        -2.30568302e+03,  2.64851986e+00, -1.13918021e+01,\n",
       "         7.97271590e-01, -9.80741194e+00, -1.47938307e+01,\n",
       "        -8.37439866e+02],\n",
       "       [ 1.32602905e-01, -5.14948884e+01,  7.67297503e+00,\n",
       "         2.72249214e+01, -1.08493675e-01,  6.56017208e-01,\n",
       "         2.04971433e-01, -1.76060671e-01,  6.49236419e-01,\n",
       "         2.88388223e+01],\n",
       "       [-6.69453996e+01, -2.30568302e+03,  2.72249214e+01,\n",
       "         3.49356873e+04, -5.43464475e+01,  7.95748230e+01,\n",
       "         8.53513249e+00, -7.90166771e+01,  9.62508736e+01,\n",
       "         5.03187748e+03],\n",
       "       [ 1.25660856e-01,  2.64851986e+00, -1.08493675e-01,\n",
       "        -5.43464475e+01,  2.44927079e-01, -3.26917530e-01,\n",
       "        -5.81903503e-02, -1.16669718e-01, -3.90128214e-01,\n",
       "        -1.79263416e+01],\n",
       "       [-6.06862678e-03, -1.13918021e+01,  6.56017208e-01,\n",
       "         7.95748230e+01, -3.26917530e-01,  2.46791451e+00,\n",
       "         7.05038043e-01,  1.42535970e+00,  2.64912079e+00,\n",
       "         1.02944953e+02],\n",
       "       [ 5.16790762e-03,  7.97271590e-01,  2.04971433e-01,\n",
       "         8.53513249e+00, -5.81903503e-02,  7.05038043e-01,\n",
       "         3.35055802e-01,  1.58023171e-01,  6.90960743e-01,\n",
       "         2.18325456e+01],\n",
       "       [ 6.23980083e+00, -9.80741194e+00, -1.76060671e-01,\n",
       "        -7.90166771e+01, -1.16669718e-01,  1.42535970e+00,\n",
       "         1.58023171e-01,  2.14202154e+01,  2.22908885e+00,\n",
       "         3.36111253e+01],\n",
       "       [ 1.94622473e-01, -1.47938307e+01,  6.49236419e-01,\n",
       "         9.62508736e+01, -3.90128214e-01,  2.64912079e+00,\n",
       "         6.90960743e-01,  2.22908885e+00,  3.00830780e+00,\n",
       "         1.18443421e+02],\n",
       "       [-1.33461599e+01, -8.37439866e+02,  2.88388223e+01,\n",
       "         5.03187748e+03, -1.79263416e+01,  1.02944953e+02,\n",
       "         2.18325456e+01,  3.36111253e+01,  1.18443421e+02,\n",
       "         5.22028325e+03]])"
      ]
     },
     "execution_count": 8,
     "metadata": {},
     "output_type": "execute_result"
    }
   ],
   "source": [
    "# Matriz de covariana de las variables\n",
    "Covarianza = np.cov(X, rowvar=False)\n",
    "Covarianza"
   ]
  },
  {
   "cell_type": "code",
   "execution_count": 9,
   "id": "16e6c711-4bf8-47a9-b3e9-db7b1085524b",
   "metadata": {},
   "outputs": [
    {
     "data": {
      "text/plain": [
       "array([[ 9.38173198e-03,  3.34861347e-07, -4.19763601e-04,\n",
       "         1.36121285e-06, -3.83502917e-03,  5.91771204e-03,\n",
       "        -3.34866075e-03, -2.57771661e-03, -6.23700615e-03,\n",
       "         6.72917534e-05],\n",
       "       [ 3.34861347e-07,  1.50158934e-05,  9.62870679e-05,\n",
       "         9.83273819e-07,  2.49779398e-04,  6.70782611e-06,\n",
       "        -1.19291115e-04,  2.30610883e-05, -1.93072125e-04,\n",
       "         6.38651062e-06],\n",
       "       [-4.19763601e-04,  9.62870679e-05,  1.35335551e-01,\n",
       "         1.09911594e-05,  1.42838208e-02, -6.63710866e-02,\n",
       "        -8.70631753e-02, -4.79336291e-03,  1.41186158e-01,\n",
       "        -2.19436697e-03],\n",
       "       [ 1.36121285e-06,  9.83273819e-07,  1.09911594e-05,\n",
       "         4.62235336e-05,  9.18864731e-03,  2.31031936e-04,\n",
       "         1.76824294e-03,  2.62003352e-04, -4.10047095e-04,\n",
       "        -1.72357243e-05],\n",
       "       [-3.83502917e-03,  2.49779398e-04,  1.42838208e-02,\n",
       "         9.18864731e-03,  7.33548730e+00, -3.74523111e-01,\n",
       "         4.38774276e-01,  6.87595024e-02, -7.94986119e-02,\n",
       "         2.31958821e-02],\n",
       "       [ 5.91771204e-03,  6.70782611e-06, -6.63710866e-02,\n",
       "         2.31031936e-04, -3.74523111e-01,  1.34000538e+01,\n",
       "        -7.97345492e+00,  1.32073108e-01, -8.80714981e+00,\n",
       "        -3.30547118e-02],\n",
       "       [-3.34866075e-03, -1.19291115e-04, -8.70631753e-02,\n",
       "         1.76824294e-03,  4.38774276e-01, -7.97345492e+00,\n",
       "         1.89169993e+01,  7.79616933e-01, -7.22421545e+00,\n",
       "         2.37269104e-01],\n",
       "       [-2.57771661e-03,  2.30610883e-05, -4.79336291e-03,\n",
       "         2.62003352e-04,  6.87595024e-02,  1.32073108e-01,\n",
       "         7.79616933e-01,  1.23701795e-01, -1.15467811e+00,\n",
       "         1.95442209e-02],\n",
       "       [-6.23700615e-03, -1.93072125e-04,  1.41186158e-01,\n",
       "        -4.10047095e-04, -7.94986119e-02, -8.80714981e+00,\n",
       "        -7.22421545e+00, -1.15467811e+00,  2.13908792e+01,\n",
       "        -2.74717397e-01],\n",
       "       [ 6.72917534e-05,  6.38651062e-06, -2.19436697e-03,\n",
       "        -1.72357243e-05,  2.31958821e-02, -3.30547118e-02,\n",
       "         2.37269104e-01,  1.95442209e-02, -2.74717397e-01,\n",
       "         6.06792114e-03]])"
      ]
     },
     "execution_count": 9,
     "metadata": {},
     "output_type": "execute_result"
    }
   ],
   "source": [
    "# Inversa de la matriz  de covarianza de las variables\n",
    "\n",
    "Inversa = np.linalg.inv(Covarianza)\n",
    "Inversa"
   ]
  },
  {
   "cell_type": "markdown",
   "id": "4f2160dc-9576-41b1-b11b-73451665db38",
   "metadata": {},
   "source": [
    "## Parte C"
   ]
  },
  {
   "cell_type": "code",
   "execution_count": 10,
   "id": "3523ec9a-5e80-4dff-9148-9efa1789e8fb",
   "metadata": {},
   "outputs": [
    {
     "data": {
      "text/plain": [
       "[np.float64(4.255314704970985),\n",
       " np.float64(4.7641252469305),\n",
       " np.float64(2.3812791810885914),\n",
       " np.float64(2.4173933966218515),\n",
       " np.float64(4.2736463830906555),\n",
       " np.float64(2.406397685900043),\n",
       " np.float64(5.4339007870763725),\n",
       " np.float64(2.232331409715643),\n",
       " np.float64(5.128205236172272),\n",
       " np.float64(5.3748172234073595),\n",
       " np.float64(2.8894415695215034),\n",
       " np.float64(4.675301631202809),\n",
       " np.float64(3.846720821359419),\n",
       " np.float64(4.5491594393899275),\n",
       " np.float64(2.7797253443471943),\n",
       " np.float64(3.875203845344764),\n",
       " np.float64(2.569353924105843),\n",
       " np.float64(2.8369444148903966),\n",
       " np.float64(3.0224006676328528),\n",
       " np.float64(2.319006450708545),\n",
       " np.float64(4.17431647305917),\n",
       " np.float64(3.986002346934688),\n",
       " np.float64(4.061075721539904),\n",
       " np.float64(2.3102437970680096),\n",
       " np.float64(2.4982924222191416),\n",
       " np.float64(2.9896124459661655),\n",
       " np.float64(5.647562336099434),\n",
       " np.float64(2.2538328169790907),\n",
       " np.float64(3.4292781822095812),\n",
       " np.float64(4.1098758520538565),\n",
       " np.float64(2.4969755204799258),\n",
       " np.float64(5.373346388666632),\n",
       " np.float64(3.3526458007013415),\n",
       " np.float64(3.759539696666679),\n",
       " np.float64(3.7937472953607205),\n",
       " np.float64(4.048778161761003),\n",
       " np.float64(2.8014052246360053),\n",
       " np.float64(32.519178746245174),\n",
       " np.float64(3.5938733037617587),\n",
       " np.float64(4.522433910528568),\n",
       " np.float64(4.984682222018396),\n",
       " np.float64(3.0030433410108075),\n",
       " np.float64(2.467412446804125),\n",
       " np.float64(4.5934516019514415),\n",
       " np.float64(2.367227639529533),\n",
       " np.float64(3.126110545682369),\n",
       " np.float64(6.331991571606126),\n",
       " np.float64(2.3309664141322677),\n",
       " np.float64(2.649807956744379),\n",
       " np.float64(2.050917056245068),\n",
       " np.float64(3.9188354580769813),\n",
       " np.float64(2.2324168996815343),\n",
       " np.float64(5.522364612912981),\n",
       " np.float64(3.6295949937250276),\n",
       " np.float64(3.677721738372595),\n",
       " np.float64(4.261576187165025),\n",
       " np.float64(3.10234214086031),\n",
       " np.float64(6.3248823687909645),\n",
       " np.float64(4.222308864273183),\n",
       " np.float64(4.7811406871380395),\n",
       " np.float64(2.984140908691635),\n",
       " np.float64(7.493760868756943),\n",
       " np.float64(2.36684610700292),\n",
       " np.float64(2.330190111074013),\n",
       " np.float64(2.738235149791765),\n",
       " np.float64(2.3736834314871413),\n",
       " np.float64(2.7502918073582254),\n",
       " np.float64(2.813148716108514),\n",
       " np.float64(4.1153249395005655),\n",
       " np.float64(2.3964628707983033),\n",
       " np.float64(2.264273236831495),\n",
       " np.float64(2.4109528837586094),\n",
       " np.float64(2.6433295751742243),\n",
       " np.float64(4.59522972203456),\n",
       " np.float64(2.3997141132726583),\n",
       " np.float64(27.719170112103455),\n",
       " np.float64(4.076789320917535),\n",
       " np.float64(2.60241878167186),\n",
       " np.float64(3.9848753933584105),\n",
       " np.float64(2.2544711415075955),\n",
       " np.float64(3.0121371876206813),\n",
       " np.float64(3.148312748990487),\n",
       " np.float64(2.138168279957515),\n",
       " np.float64(11.693333058423176),\n",
       " np.float64(3.2289714153412685),\n",
       " np.float64(3.166504665152995),\n",
       " np.float64(2.942102613333236),\n",
       " np.float64(2.325998692473975),\n",
       " np.float64(24.24769528747944),\n",
       " np.float64(2.4681983715138336),\n",
       " np.float64(2.3617209310545184),\n",
       " np.float64(5.286468158788634),\n",
       " np.float64(5.245423517910222),\n",
       " np.float64(3.9384356940132625),\n",
       " np.float64(3.656102213705803),\n",
       " np.float64(2.363934618329032),\n",
       " np.float64(2.5553520362316053),\n",
       " np.float64(3.5070025136395904),\n",
       " np.float64(2.433233102661731),\n",
       " np.float64(2.266730738766376),\n",
       " np.float64(3.7607792537543476),\n",
       " np.float64(3.048453680364455),\n",
       " np.float64(3.9853270138111627),\n",
       " np.float64(3.3721359326443676),\n",
       " np.float64(3.3883902186651786),\n",
       " np.float64(3.158553473987217),\n",
       " np.float64(2.3982077239246307),\n",
       " np.float64(2.5556455933851976),\n",
       " np.float64(2.2020324114570125),\n",
       " np.float64(2.2636625954919696),\n",
       " np.float64(6.40698663992763),\n",
       " np.float64(9.672291517398104),\n",
       " np.float64(2.6338450337618937),\n",
       " np.float64(3.718531662077376),\n",
       " np.float64(2.1367981749549987),\n",
       " np.float64(2.4414277641817614),\n",
       " np.float64(2.989934729238522),\n",
       " np.float64(5.45996991724358),\n",
       " np.float64(4.3845200337046855),\n",
       " np.float64(2.756558936419038),\n",
       " np.float64(2.6507137503983724),\n",
       " np.float64(3.1890206148636),\n",
       " np.float64(2.450333649193457),\n",
       " np.float64(2.8798364722743504),\n",
       " np.float64(3.1147735125881395),\n",
       " np.float64(1.8984099465324649),\n",
       " np.float64(3.582442413027649),\n",
       " np.float64(3.717898527395609),\n",
       " np.float64(4.341218092266775),\n",
       " np.float64(3.6123089322396247),\n",
       " np.float64(2.59727612201919),\n",
       " np.float64(4.662810483282203),\n",
       " np.float64(2.5446207814256505),\n",
       " np.float64(2.4325488662975254),\n",
       " np.float64(3.4009013765716367),\n",
       " np.float64(2.2937403444644593),\n",
       " np.float64(2.5131381220314615),\n",
       " np.float64(4.3510275485036),\n",
       " np.float64(2.673118335863125),\n",
       " np.float64(2.8686449327124137),\n",
       " np.float64(2.2343579388471078),\n",
       " np.float64(4.858922837256001),\n",
       " np.float64(2.323637913431968),\n",
       " np.float64(3.7759031586975262),\n",
       " np.float64(2.871428664068937),\n",
       " np.float64(3.1862499320587396),\n",
       " np.float64(3.289107248089086),\n",
       " np.float64(2.6113635235952866),\n",
       " np.float64(2.37627854358662),\n",
       " np.float64(3.603826399586346),\n",
       " np.float64(5.531531226887596),\n",
       " np.float64(5.012250895397455),\n",
       " np.float64(2.9529214946892153),\n",
       " np.float64(4.320757675027579),\n",
       " np.float64(2.403207937020308),\n",
       " np.float64(2.8884549356436966),\n",
       " np.float64(3.696008002443685),\n",
       " np.float64(3.1079622242766014),\n",
       " np.float64(2.0153644248076654),\n",
       " np.float64(6.350343739834884),\n",
       " np.float64(4.820207077676552),\n",
       " np.float64(2.213830864585685),\n",
       " np.float64(2.961618611483959),\n",
       " np.float64(3.2297429324185383),\n",
       " np.float64(48.84524252114966),\n",
       " np.float64(2.8710137198737584),\n",
       " np.float64(3.1102864289717336),\n",
       " np.float64(4.284884024942275),\n",
       " np.float64(2.246955517953963),\n",
       " np.float64(8.455603877200797),\n",
       " np.float64(2.341592090121452),\n",
       " np.float64(2.802729665971069),\n",
       " np.float64(2.333069047718308),\n",
       " np.float64(2.288607645066841),\n",
       " np.float64(2.3044609951727018),\n",
       " np.float64(2.3879237346530022),\n",
       " np.float64(2.667645367355153),\n",
       " np.float64(2.8145804347648506),\n",
       " np.float64(4.357427717041783),\n",
       " np.float64(2.3506835911618005),\n",
       " np.float64(2.6973978142175103),\n",
       " np.float64(2.4222248990712196),\n",
       " np.float64(4.4024462082821145),\n",
       " np.float64(2.134367647689383),\n",
       " np.float64(4.162301367508248),\n",
       " np.float64(5.085439067355613),\n",
       " np.float64(3.1028450431229726),\n",
       " np.float64(4.032152750403946),\n",
       " np.float64(2.7699944603528444),\n",
       " np.float64(2.9358464809781393),\n",
       " np.float64(2.486696897837724),\n",
       " np.float64(2.0991849123222033),\n",
       " np.float64(2.9328911302960226),\n",
       " np.float64(1.918453862081536),\n",
       " np.float64(3.371362354104458),\n",
       " np.float64(5.615066802905494),\n",
       " np.float64(2.3769578128781106),\n",
       " np.float64(2.6740940011423526),\n",
       " np.float64(4.5337738638088805),\n",
       " np.float64(11.974286323750992),\n",
       " np.float64(2.736245927732856),\n",
       " np.float64(3.138862716735452),\n",
       " np.float64(2.063245770518865),\n",
       " np.float64(2.2204458567702505),\n",
       " np.float64(2.4109528837586094),\n",
       " np.float64(2.5868523423185765),\n",
       " np.float64(2.588465005579794),\n",
       " np.float64(3.1704744809819836),\n",
       " np.float64(2.444029080825387),\n",
       " np.float64(2.5524372253731737),\n",
       " np.float64(2.4415865524229057),\n",
       " np.float64(3.98834299854455),\n",
       " np.float64(5.812895723623754),\n",
       " np.float64(6.0375231731452175),\n",
       " np.float64(2.8320040660746946),\n",
       " np.float64(2.1411805100573673),\n",
       " np.float64(3.3631416898228363),\n",
       " np.float64(3.6375067656893583),\n",
       " np.float64(2.9250083792798853),\n",
       " np.float64(1.9416908294460216),\n",
       " np.float64(2.28951540815901),\n",
       " np.float64(2.0769474985617506),\n",
       " np.float64(2.4943255911619113),\n",
       " np.float64(2.412201624392871),\n",
       " np.float64(2.360423705763604),\n",
       " np.float64(5.137076676637237),\n",
       " np.float64(2.5027323697614237),\n",
       " np.float64(2.3005071445776917),\n",
       " np.float64(2.2407197589717915),\n",
       " np.float64(2.4590429983432545),\n",
       " np.float64(3.430889502378613),\n",
       " np.float64(3.089384741641047),\n",
       " np.float64(2.972926443915384),\n",
       " np.float64(2.3428002267946066),\n",
       " np.float64(3.4281760763992537),\n",
       " np.float64(2.2764187781574945),\n",
       " np.float64(4.526465084349078),\n",
       " np.float64(2.6175894483396913),\n",
       " np.float64(2.610556157430024),\n",
       " np.float64(1.9253560998690709),\n",
       " np.float64(4.242936377073175),\n",
       " np.float64(2.7633850858194124),\n",
       " np.float64(3.632178551128385),\n",
       " np.float64(5.629097753606519),\n",
       " np.float64(4.160363101399826),\n",
       " np.float64(2.6297358505814072),\n",
       " np.float64(3.5306982300637575),\n",
       " np.float64(2.373008548594723),\n",
       " np.float64(2.6465853153362247),\n",
       " np.float64(5.599323427275114),\n",
       " np.float64(2.4173933966218515),\n",
       " np.float64(2.242613946790064),\n",
       " np.float64(3.451707827164063),\n",
       " np.float64(2.135144016153529),\n",
       " np.float64(3.835963113582992),\n",
       " np.float64(3.349411252903424),\n",
       " np.float64(4.647466185560376),\n",
       " np.float64(3.0864459412078284),\n",
       " np.float64(2.2956469793473335),\n",
       " np.float64(3.5481082740225878),\n",
       " np.float64(2.9353891833983696),\n",
       " np.float64(4.418314042289636),\n",
       " np.float64(2.316306782676061),\n",
       " np.float64(2.4096896459976835),\n",
       " np.float64(2.4847916717521445),\n",
       " np.float64(4.162486008418616),\n",
       " np.float64(2.5775357909330108),\n",
       " np.float64(2.9373551135786387),\n",
       " np.float64(5.232235082366407),\n",
       " np.float64(2.4829015254136326),\n",
       " np.float64(3.505888325025495),\n",
       " np.float64(2.6698936181386403),\n",
       " np.float64(2.976872444339505),\n",
       " np.float64(4.4867416733127765),\n",
       " np.float64(2.820557454368517),\n",
       " np.float64(3.475428845051587),\n",
       " np.float64(9.834569066863576),\n",
       " np.float64(4.073129617525309),\n",
       " np.float64(3.291367162242825),\n",
       " np.float64(3.0519798170548924),\n",
       " np.float64(2.654215349984476),\n",
       " np.float64(4.104988086180358),\n",
       " np.float64(3.2323927973420923),\n",
       " np.float64(2.6874317880404983),\n",
       " np.float64(1.984195660869164),\n",
       " np.float64(2.6252035767394033),\n",
       " np.float64(8.789983915180128),\n",
       " np.float64(2.7126844093421516),\n",
       " np.float64(6.215076863918976),\n",
       " np.float64(2.1704470356356307),\n",
       " np.float64(2.1910644078661097),\n",
       " np.float64(2.876398651422425),\n",
       " np.float64(3.2484775913244643),\n",
       " np.float64(2.1792685590251315),\n",
       " np.float64(2.4758793485010697),\n",
       " np.float64(2.7018582878571973),\n",
       " np.float64(5.886335451919517),\n",
       " np.float64(2.461386265856024),\n",
       " np.float64(2.5118955432836123),\n",
       " np.float64(2.392977787124833),\n",
       " np.float64(2.1167224120107684),\n",
       " np.float64(2.6802378063501884),\n",
       " np.float64(5.234076261791227),\n",
       " np.float64(1.9226643585712027),\n",
       " np.float64(1.9024588733624865),\n",
       " np.float64(1.9431045711635906),\n",
       " np.float64(2.154297076350562),\n",
       " np.float64(4.2853489036725705),\n",
       " np.float64(1.8713719044558432),\n",
       " np.float64(2.3882855261192932),\n",
       " np.float64(3.7374853559641634),\n",
       " np.float64(4.165282475123536),\n",
       " np.float64(2.5157187779730785),\n",
       " np.float64(4.576228829592929),\n",
       " np.float64(2.0368343189176894),\n",
       " np.float64(2.9114148991589004),\n",
       " np.float64(2.6718843568816935),\n",
       " np.float64(4.192836789800658),\n",
       " np.float64(2.024380641463142),\n",
       " np.float64(1.9309472077810481),\n",
       " np.float64(3.4080931858371675),\n",
       " np.float64(3.4006882374507095),\n",
       " np.float64(1.9163137910461039),\n",
       " np.float64(1.9334251730150882),\n",
       " np.float64(3.4981376780743143),\n",
       " np.float64(2.422658633644904),\n",
       " np.float64(4.0596456698074075),\n",
       " np.float64(2.55454129928458),\n",
       " np.float64(2.2630012794364465),\n",
       " np.float64(4.656879204579928),\n",
       " np.float64(3.6750307045597066),\n",
       " np.float64(2.457053763127546),\n",
       " np.float64(3.0755245849928037),\n",
       " np.float64(3.695906867647509),\n",
       " np.float64(2.1227614755597948),\n",
       " np.float64(2.8700890855641736),\n",
       " np.float64(2.0887907776888777),\n",
       " np.float64(2.4345679955310375),\n",
       " np.float64(3.7056011239511277),\n",
       " np.float64(1.9328591292021757),\n",
       " np.float64(4.387592822996514),\n",
       " np.float64(2.8204455838687226),\n",
